magic
tech gf180mcuD
magscale 1 10
timestamp 1783354747
<< pwell >>
rect 633 -257 641 647
rect -271 -265 1545 -257
rect 633 -680 641 -265
<< metal1 >>
rect -2947 843 -2453 878
rect -2947 669 -2904 843
rect -2488 669 -2453 843
rect -2947 629 -2453 669
rect -8205 504 -6492 624
rect -2733 199 -2666 629
rect -8154 132 -6545 199
rect -3372 132 -2666 199
rect 81 273 281 295
rect 81 117 103 273
rect 259 117 281 273
rect 81 95 281 117
rect 51 13 311 25
rect 51 -39 103 13
rect 259 -39 311 13
rect 51 -51 311 -39
rect -8261 -280 -6492 -160
rect -3321 -212 -163 -160
rect 588 -212 686 602
rect 993 273 1193 295
rect 993 117 1015 273
rect 1171 117 1193 273
rect 993 95 1193 117
rect 963 13 1223 25
rect 963 10 1015 13
rect 963 -36 976 10
rect 963 -39 1015 -36
rect 1171 10 1223 13
rect 1210 -36 1223 10
rect 1171 -39 1223 -36
rect 963 -51 1223 -39
rect 1904 -161 2103 -136
rect 1904 -166 1927 -161
rect 1499 -212 1927 -166
rect -3321 -280 1927 -212
rect -226 -309 1927 -280
rect 2082 -309 2103 -161
rect -226 -310 2103 -309
rect -2614 -506 -2120 -471
rect -2614 -572 -2571 -506
rect -3371 -639 -2571 -572
rect -2614 -680 -2571 -639
rect -2155 -680 -2120 -506
rect -2614 -720 -2120 -680
rect 81 -639 281 -617
rect 81 -795 103 -639
rect 259 -795 281 -639
rect 81 -817 281 -795
rect 51 -899 311 -887
rect 51 -951 103 -899
rect 259 -951 311 -899
rect 51 -963 311 -951
rect 588 -1124 686 -310
rect 1904 -335 2103 -310
<< via1 >>
rect -2904 669 -2488 843
rect 103 117 259 273
rect 103 -39 259 13
rect 1015 117 1171 273
rect 1015 -39 1171 13
rect 1927 -309 2082 -161
rect -2571 -680 -2155 -506
rect 103 -795 259 -639
rect 103 -951 259 -899
<< metal2 >>
rect -8186 1006 -1905 1206
rect -2947 843 -2453 878
rect -2947 669 -2904 843
rect -2488 669 -2453 843
rect -2947 629 -2453 669
rect -2105 295 -1905 1006
rect -2105 273 281 295
rect -2105 117 103 273
rect 259 117 281 273
rect -2105 95 281 117
rect 588 273 1193 295
rect 588 117 1015 273
rect 1171 117 1193 273
rect 588 95 1193 117
rect 51 13 311 25
rect 51 -39 103 13
rect 259 -39 311 13
rect 51 -51 311 -39
rect 81 -189 281 -51
rect 81 -335 104 -189
rect 259 -335 281 -189
rect -2614 -506 -2120 -471
rect -2614 -680 -2571 -506
rect -2155 -680 -2120 -506
rect -2614 -720 -2120 -680
rect 81 -639 281 -335
rect 81 -795 103 -639
rect 259 -795 281 -639
rect 81 -817 281 -795
rect 588 -887 686 95
rect 963 13 1223 25
rect 963 -39 1015 13
rect 1171 -39 1223 13
rect 963 -51 1223 -39
rect 51 -899 686 -887
rect 51 -951 103 -899
rect 259 -951 686 -899
rect 51 -963 686 -951
rect 993 -189 1193 -51
rect 993 -335 1016 -189
rect 1171 -335 1193 -189
rect 1904 -161 2103 -136
rect 1904 -309 1927 -161
rect 2082 -309 2103 -161
rect 1904 -335 2103 -309
rect 81 -1024 281 -963
rect 81 -1170 104 -1024
rect 259 -1170 281 -1024
rect 81 -1199 281 -1170
rect 993 -1377 1193 -335
rect 993 -1577 9371 -1377
<< via2 >>
rect -2904 669 -2488 843
rect 104 -335 259 -189
rect -2571 -680 -2155 -506
rect 1016 -335 1171 -189
rect 1927 -309 2082 -161
rect 104 -1170 259 -1024
<< metal3 >>
rect -2947 843 -2453 878
rect -2947 669 -2904 843
rect -2488 669 -2453 843
rect -2947 629 -2453 669
rect 1904 -161 2103 -136
rect 81 -189 281 -166
rect 81 -335 104 -189
rect 259 -335 281 -189
rect 81 -356 281 -335
rect 993 -189 1193 -166
rect 993 -335 1016 -189
rect 1171 -335 1193 -189
rect 1904 -309 1927 -161
rect 2082 -309 2103 -161
rect 1904 -335 2103 -309
rect 993 -356 1193 -335
rect -2614 -506 -2120 -471
rect -2614 -680 -2571 -506
rect -2155 -680 -2120 -506
rect -2614 -720 -2120 -680
rect 81 -1024 281 -1009
rect 81 -1170 104 -1024
rect 259 -1170 281 -1024
rect 81 -1199 281 -1170
<< via3 >>
rect -2904 669 -2488 843
rect 104 -335 259 -189
rect 1016 -335 1171 -189
rect 1927 -309 2082 -161
rect -2571 -680 -2155 -506
rect 104 -1170 259 -1024
<< metal4 >>
rect -2947 843 -2453 878
rect -2947 669 -2904 843
rect -2488 669 -2453 843
rect -2947 629 -2453 669
rect 1904 -161 2103 -136
rect 81 -189 281 -166
rect 81 -335 104 -189
rect 259 -335 281 -189
rect 81 -356 281 -335
rect 993 -189 1193 -166
rect 993 -335 1016 -189
rect 1171 -335 1193 -189
rect 1904 -309 1927 -161
rect 2082 -309 2103 -161
rect 1904 -335 2103 -309
rect 993 -356 1193 -335
rect -2614 -506 -2120 -471
rect -2614 -680 -2571 -506
rect -2155 -680 -2120 -506
rect -2614 -720 -2120 -680
rect 81 -1024 281 -1009
rect 81 -1170 104 -1024
rect 259 -1170 281 -1024
rect 81 -1199 281 -1170
<< via4 >>
rect -2904 669 -2488 843
rect 104 -335 259 -189
rect 1016 -335 1171 -189
rect 1927 -309 2082 -161
rect -2571 -680 -2155 -506
rect 104 -1170 259 -1024
<< metal5 >>
rect -2801 878 -2601 1347
rect -2947 843 -2453 878
rect -2947 669 -2904 843
rect -2488 669 -2453 843
rect -2947 629 -2453 669
rect 81 -189 281 9328
rect 81 -335 104 -189
rect 259 -335 281 -189
rect 81 -356 281 -335
rect 993 -189 1193 9330
rect 993 -335 1016 -189
rect 1171 -335 1193 -189
rect 1904 -161 2103 1347
rect 1904 -309 1927 -161
rect 2082 -309 2103 -161
rect 1904 -335 2103 -309
rect 993 -356 1193 -335
rect -2614 -506 -2120 -471
rect -2614 -680 -2571 -506
rect -2155 -680 -2120 -506
rect -2614 -720 -2120 -680
rect -2454 -2118 -2254 -720
rect 81 -1024 281 -1009
rect 81 -1170 104 -1024
rect 259 -1170 281 -1024
rect 81 -10093 281 -1170
use cap_mim_2p0fF_DKDW9X__0  cap_mim_2p0fF_DKDW9X_0 ~/GF180_cells/TunnelingChargePump
timestamp 1782671096
transform 1 0 -4009 0 1 5267
box -4240 -4120 4240 4120
use cap_mim_2p0fF_DKDW9X__0  cap_mim_2p0fF_DKDW9X_1
timestamp 1782671096
transform -1 0 5283 0 -1 5267
box -4240 -4120 4240 4120
use cap_mim_2p0fF_DKDW9X__0  cap_mim_2p0fF_DKDW9X_2
timestamp 1782671096
transform 1 0 -4009 0 1 -6029
box -4240 -4120 4240 4120
use diode_pd2nw_06v0_CLFV8T  diode_pd2nw_06v0_CLFV8T_0
timestamp 1782519047
transform 1 0 181 0 1 195
box -452 -452 452 452
use diode_pd2nw_06v0_CLFV8T  diode_pd2nw_06v0_CLFV8T_1
timestamp 1782519047
transform 1 0 1093 0 1 195
box -452 -452 452 452
use diode_pd2nw_06v0_CLFV8T  diode_pd2nw_06v0_CLFV8T_2
timestamp 1782519047
transform 1 0 181 0 1 -717
box -452 -452 452 452
use NonOvCLKGen  NonOvCLKGen_0 ~/GF180_cells/NonOvCLKGen/design
timestamp 1782677174
transform 1 0 -5212 0 1 804
box -1400 -1894 1908 -154
<< end >>
